LAT=33.825553
LNG=-84.338453
